Sweep over neutral band x CDaR limit. Selection uses the train columns only.

 neutral_band  cdar_limit  train_sharpe  train_trades_per_week  heldout_sharpe  heldout_trades_per_week  train_feasible
         0.00        0.10         0.305                  1.848          -0.462                    1.451            True
         0.00        0.15         0.316                  1.848          -0.458                    1.451            True
         0.00        0.20         0.322                  1.848          -0.458                    1.451            True
         0.00        0.25         0.326                  1.848          -0.457                    1.451            True
         0.00        0.30         0.329                  1.848          -0.456                    1.451            True
         0.00        0.40         0.333                  1.848          -0.455                    1.451            True
         0.00        1.00         0.340                  1.848          -0.452                    1.451            True
         0.02        0.10         0.271                  2.213          -0.485                    1.730            True
         0.02        0.15         0.285                  2.213          -0.476                    1.730            True
         0.02        0.20         0.291                  2.213          -0.475                    1.730            True
         0.02        0.25         0.296                  2.213          -0.474                    1.730            True
         0.02        0.30         0.299                  2.213          -0.473                    1.730            True
         0.02        0.40         0.303                  2.213          -0.472                    1.730            True
         0.02        1.00         0.311                  2.213          -0.469                    1.730            True
         0.04        0.10         0.236                  2.407          -0.509                    1.964            True
         0.04        0.15         0.253                  2.407          -0.497                    1.964            True
         0.04        0.20         0.260                  2.407          -0.496                    1.964            True
         0.04        0.25         0.264                  2.407          -0.495                    1.964            True
         0.04        0.30         0.267                  2.407          -0.494                    1.964            True
         0.04        0.40         0.272                  2.407          -0.493                    1.964            True
         0.04        1.00         0.280                  2.407          -0.489                    1.964            True
         0.06        0.10         0.199                  2.578          -0.530                    2.154            True
         0.06        0.15         0.218                  2.578          -0.518                    2.154            True
         0.06        0.20         0.225                  2.578          -0.515                    2.154            True
         0.06        0.25         0.230                  2.578          -0.514                    2.154            True
         0.06        0.30         0.233                  2.578          -0.513                    2.154            True
         0.06        0.40         0.238                  2.578          -0.511                    2.154            True
         0.06        1.00         0.246                  2.578          -0.507                    2.154            True
         0.08        0.10         0.155                  2.735          -0.544                    2.243            True
         0.08        0.15         0.174                  2.735          -0.531                    2.243            True
         0.08        0.20         0.184                  2.735          -0.527                    2.243            True
         0.08        0.25         0.188                  2.735          -0.525                    2.243            True
         0.08        0.30         0.192                  2.735          -0.524                    2.243            True
         0.08        0.40         0.197                  2.735          -0.522                    2.243            True
         0.08        1.00         0.205                  2.735          -0.518                    2.243            True
         0.10        0.10         0.115                  2.839          -0.556                    2.210            True
         0.10        0.15         0.136                  2.839          -0.541                    2.210            True
         0.10        0.20         0.146                  2.839          -0.536                    2.210            True
         0.10        0.25         0.151                  2.839          -0.535                    2.210            True
         0.10        0.30         0.155                  2.839          -0.534                    2.210            True
         0.10        0.40         0.159                  2.839          -0.532                    2.210            True
         0.10        1.00         0.168                  2.839          -0.528                    2.210            True
         0.12        0.10         0.082                  2.832          -0.565                    2.254            True
         0.12        0.15         0.102                  2.832          -0.551                    2.254            True
         0.12        0.20         0.112                  2.832          -0.545                    2.254            True
         0.12        0.25         0.118                  2.832          -0.543                    2.254            True
         0.12        0.30         0.122                  2.832          -0.542                    2.254            True
         0.12        0.40         0.127                  2.832          -0.541                    2.254            True
         0.12        1.00         0.136                  2.832          -0.537                    2.254            True
         0.14        0.10         0.051                  2.712          -0.574                    2.221            True
         0.14        0.15         0.072                  2.712          -0.560                    2.221            True
         0.14        0.20         0.082                  2.712          -0.555                    2.221            True
         0.14        0.25         0.088                  2.712          -0.552                    2.221            True
         0.14        0.30         0.092                  2.712          -0.551                    2.221            True
         0.14        0.40         0.096                  2.712          -0.549                    2.221            True
         0.14        1.00         0.105                  2.712          -0.546                    2.221            True
         0.16        0.10         0.032                  2.683          -0.589                    2.076            True
         0.16        0.15         0.053                  2.683          -0.576                    2.076            True
         0.16        0.20         0.063                  2.683          -0.570                    2.076            True
         0.16        0.25         0.069                  2.683          -0.567                    2.076            True
         0.16        0.30         0.073                  2.683          -0.566                    2.076            True
         0.16        0.40         0.078                  2.683          -0.565                    2.076            True
         0.16        1.00         0.087                  2.683          -0.561                    2.076            True
         0.18        0.10         0.014                  2.608          -0.605                    2.042            True
         0.18        0.15         0.035                  2.608          -0.592                    2.042            True
         0.18        0.20         0.045                  2.608          -0.586                    2.042            True
         0.18        0.25         0.051                  2.608          -0.583                    2.042            True
         0.18        0.30         0.055                  2.608          -0.582                    2.042            True
         0.18        0.40         0.060                  2.608          -0.581                    2.042            True
         0.18        1.00         0.069                  2.608          -0.577                    2.042            True
         0.20        0.10        -0.014                  2.452          -0.617                    1.998            True
         0.20        0.15         0.007                  2.452          -0.604                    1.998            True
         0.20        0.20         0.017                  2.452          -0.599                    1.998            True
         0.20        0.25         0.023                  2.452          -0.596                    1.998            True
         0.20        0.30         0.027                  2.452          -0.594                    1.998            True
         0.20        0.40         0.032                  2.452          -0.593                    1.998            True
         0.20        1.00         0.041                  2.452          -0.589                    1.998            True
         0.22        0.10        -0.053                  2.288          -0.652                    1.931            True
         0.22        0.15        -0.032                  2.288          -0.639                    1.931            True
         0.22        0.20        -0.022                  2.288          -0.633                    1.931            True
         0.22        0.25        -0.016                  2.288          -0.630                    1.931            True
         0.22        0.30        -0.012                  2.288          -0.628                    1.931            True
         0.22        0.40        -0.007                  2.288          -0.625                    1.931            True
         0.22        1.00         0.002                  2.288          -0.621                    1.931            True
         0.24        0.10        -0.128                  2.049          -0.678                    1.908            True
         0.24        0.15        -0.106                  2.049          -0.664                    1.908            True
         0.24        0.20        -0.095                  2.049          -0.657                    1.908            True
         0.24        0.25        -0.089                  2.049          -0.653                    1.908            True
         0.24        0.30        -0.085                  2.049          -0.651                    1.908            True
         0.24        0.40        -0.080                  2.049          -0.647                    1.908            True
         0.24        1.00        -0.070                  2.049          -0.642                    1.908            True
         0.26        0.10        -0.209                  1.930          -0.716                    1.808            True
         0.26        0.15        -0.186                  1.930          -0.705                    1.808            True
         0.26        0.20        -0.175                  1.930          -0.699                    1.808            True
         0.26        0.25        -0.168                  1.930          -0.695                    1.808            True
         0.26        0.30        -0.164                  1.930          -0.692                    1.808            True
         0.26        0.40        -0.158                  1.930          -0.688                    1.808            True
         0.26        1.00        -0.149                  1.930          -0.682                    1.808            True
         0.28        0.10        -0.323                  1.788          -0.734                    1.786            True
         0.28        0.15        -0.299                  1.788          -0.725                    1.786            True
         0.28        0.20        -0.287                  1.788          -0.720                    1.786            True
         0.28        0.25        -0.280                  1.788          -0.716                    1.786            True
         0.28        0.30        -0.276                  1.788          -0.714                    1.786            True
         0.28        0.40        -0.270                  1.788          -0.711                    1.786            True
         0.28        1.00        -0.260                  1.788          -0.705                    1.786            True
         0.30        0.10        -0.489                  1.632          -0.746                    1.596            True
         0.30        0.15        -0.463                  1.632          -0.737                    1.596            True
         0.30        0.20        -0.451                  1.632          -0.731                    1.596            True
         0.30        0.25        -0.443                  1.632          -0.728                    1.596            True
         0.30        0.30        -0.438                  1.632          -0.726                    1.596            True
         0.30        0.40        -0.432                  1.632          -0.723                    1.596            True
         0.30        1.00        -0.421                  1.632          -0.718                    1.596            True
         0.32        0.10        -0.648                  1.542          -0.757                    1.395            True
         0.32        0.15        -0.621                  1.542          -0.747                    1.395            True
         0.32        0.20        -0.608                  1.542          -0.742                    1.395            True
         0.32        0.25        -0.600                  1.542          -0.739                    1.395            True
         0.32        0.30        -0.595                  1.542          -0.737                    1.395            True
         0.32        0.40        -0.588                  1.542          -0.735                    1.395            True
         0.32        1.00        -0.577                  1.542          -0.730                    1.395            True
         0.34        0.10        -0.770                  1.326          -0.798                    1.239            True
         0.34        0.15        -0.744                  1.326          -0.788                    1.239            True
         0.34        0.20        -0.732                  1.326          -0.783                    1.239            True
         0.34        0.25        -0.724                  1.326          -0.780                    1.239            True
         0.34        0.30        -0.719                  1.326          -0.778                    1.239            True
         0.34        0.40        -0.713                  1.326          -0.775                    1.239            True
         0.34        1.00        -0.702                  1.326          -0.770                    1.239            True
         0.36        0.10        -0.856                  1.230          -0.851                    1.172            True
         0.36        0.15        -0.832                  1.230          -0.839                    1.172            True
         0.36        0.20        -0.820                  1.230          -0.833                    1.172            True
         0.36        0.25        -0.813                  1.230          -0.829                    1.172            True
         0.36        0.30        -0.809                  1.230          -0.827                    1.172            True
         0.36        0.40        -0.803                  1.230          -0.824                    1.172            True
         0.36        1.00        -0.793                  1.230          -0.818                    1.172            True
         0.38        0.10        -0.917                  1.036          -0.895                    1.038            True
         0.38        0.15        -0.896                  1.036          -0.881                    1.038            True
         0.38        0.20        -0.885                  1.036          -0.874                    1.038            True
         0.38        0.25        -0.879                  1.036          -0.870                    1.038            True
         0.38        0.30        -0.874                  1.036          -0.867                    1.038            True
         0.38        0.40        -0.869                  1.036          -0.864                    1.038            True
         0.38        1.00        -0.860                  1.036          -0.858                    1.038            True
         0.40        0.10        -1.001                  0.887          -0.881                    0.826           False
         0.40        0.15        -0.983                  0.887          -0.867                    0.826           False
         0.40        0.20        -0.974                  0.887          -0.859                    0.826           False
         0.40        0.25        -0.969                  0.887          -0.855                    0.826           False
         0.40        0.30        -0.965                  0.887          -0.852                    0.826           False
         0.40        0.40        -0.961                  0.887          -0.848                    0.826           False
         0.40        1.00        -0.953                  0.887          -0.842                    0.826           False
         0.42        0.10        -1.069                  0.782          -0.862                    0.714           False
         0.42        0.15        -1.056                  0.782          -0.845                    0.714           False
         0.42        0.20        -1.050                  0.782          -0.837                    0.714           False
         0.42        0.25        -1.046                  0.782          -0.832                    0.714           False
         0.42        0.30        -1.043                  0.782          -0.828                    0.714           False
         0.42        0.40        -1.040                  0.782          -0.824                    0.714           False
         0.42        1.00        -1.034                  0.782          -0.817                    0.714           False
         0.44        0.10        -1.082                  0.604          -0.857                    0.558           False
         0.44        0.15        -1.073                  0.604          -0.840                    0.558           False
         0.44        0.20        -1.069                  0.604          -0.832                    0.558           False
         0.44        0.25        -1.066                  0.604          -0.827                    0.558           False
         0.44        0.30        -1.064                  0.604          -0.824                    0.558           False
         0.44        0.40        -1.062                  0.604          -0.820                    0.558           False
         0.44        1.00        -1.058                  0.604          -0.812                    0.558           False
         0.46        0.10        -1.067                  0.484          -0.853                    0.491           False
         0.46        0.15        -1.062                  0.484          -0.839                    0.491           False
         0.46        0.20        -1.060                  0.484          -0.832                    0.491           False
         0.46        0.25        -1.058                  0.484          -0.828                    0.491           False
         0.46        0.30        -1.058                  0.484          -0.826                    0.491           False
         0.46        0.40        -1.056                  0.484          -0.822                    0.491           False
         0.46        1.00        -1.054                  0.484          -0.816                    0.491           False
         0.48        0.10        -1.051                  0.395          -0.835                    0.491           False
         0.48        0.15        -1.050                  0.395          -0.824                    0.491           False
         0.48        0.20        -1.050                  0.395          -0.818                    0.491           False
         0.48        0.25        -1.050                  0.395          -0.815                    0.491           False
         0.48        0.30        -1.050                  0.395          -0.813                    0.491           False
         0.48        0.40        -1.049                  0.395          -0.810                    0.491           False
         0.48        1.00        -1.049                  0.395          -0.805                    0.491           False
         0.50        0.10        -0.943                  0.268          -0.811                    0.402           False
         0.50        0.15        -0.942                  0.268          -0.801                    0.402           False
         0.50        0.20        -0.942                  0.268          -0.796                    0.402           False
         0.50        0.25        -0.942                  0.268          -0.793                    0.402           False
         0.50        0.30        -0.941                  0.268          -0.791                    0.402           False
         0.50        0.40        -0.941                  0.268          -0.789                    0.402           False
         0.50        1.00        -0.941                  0.268          -0.784                    0.402           False
